,datapoint,attr_val,data_values,flipset_values,score
0,111,0,"[2, 0, 23, 15, 6, 392, 4, 1, 1, 1, 1, 0, 1, 2, 0, 0, 4, 1]","[2.0, 0.0, 23.0, 15.0, 6.0, 392.0, 3.0, 1.0, 1.0, 1.0, 1.0, -0.0, 1.0, 2.0, -0.0, 0.0, 4.0, 1.0]",0.5020229703775089
1,257,0,"[1, 0, 29, 12, 3, 2149, 4, 1, 1, 1, 1, 0, 2, 2, 0, 2, 1, 0]","[1.0, 0.0, 29.0, 12.0, 3.0, 2149.0, 4.0, 1.0, 1.0, 1.0, 1.0, -0.0, 2.0, 2.0, -0.0, 2.0, 1.0, 1.0]",0.502282695548601
2,194,1,"[1, 1, 21, 45, 3, 3031, 4, 1, 1, 1, 1, 2, 2, 2, 0, 0, 4, 1]","[1.0, 1.0, 21.0, 45.0, 3.0, 3031.0, 3.0, 1.0, 1.0, 1.0, 1.0, 2.0, 2.0, 2.0, -0.0, 0.0, 4.0, 1.0]",0.5025698549774789
3,862,0,"[2, 0, 35, 24, 3, 2439, 3, 1, 1, 1, 1, 0, 1, 2, 0, 1, 4, 1]","[2.0, 0.0, 35.0, 23.0, 3.0, 2439.0, 3.0, 1.0, 1.0, 1.0, 1.0, 0.0, 1.0, 2.0, -0.0, 1.0, 4.0, 1.0]",0.5027882272595174
4,988,1,"[1, 1, 29, 24, 1, 6579, 3, 1, 1, 1, 1, 0, 0, 3, 1, 2, 2, 1]","[1.0, 1.0, 29.0, 23.0, 1.0, 6579.0, 3.0, 1.0, 1.0, 1.0, 1.0, 0.0, 0.0, 3.0, 1.0, 2.0, 2.0, 1.0]",0.5029061816025416
5,273,1,"[1, 1, 28, 48, 3, 3060, 3, 1, 1, 2, 1, 0, 3, 2, 0, 1, 4, 1]","[1.0, 1.0, 28.0, 47.0, 3.0, 3060.0, 3.0, 1.0, 1.0, 2.0, 1.0, 0.0, 3.0, 2.0, -0.0, 1.0, 4.0, 1.0]",0.5038135460959708
6,154,1,"[1, 1, 36, 24, 9, 6967, 4, 1, 1, 1, 1, 0, 3, 3, 0, 0, 4, 1]","[1.0, 1.0, 36.0, 24.0, 9.0, 6967.0, 3.0, 1.0, 1.0, 1.0, 1.0, -0.0, 3.0, 3.0, -0.0, 0.0, 4.0, 1.0]",0.5044295055983219
0,953,0,"[2, 0, 26, 36, 2, 10974, 4, 0, 1, 2, 1, 0, 0, 3, 1, 1, 2, 1]","[2.0, 0.0, 26.0, 36.0, 2.0, 10974.0, 3.0, 0.0, 1.0, 2.0, 1.0, -0.0, 0.0, 3.0, 1.0, 1.0, 2.0, 1.0]",0.5047547985083594
1,334,1,"[1, 1, 23, 24, 2, 4110, 3, 1, 1, 2, 2, 0, 4, 2, 0, 0, 4, 0]","[1.0, 1.0, 23.0, 24.0, 2.0, 4110.0, 3.0, 1.0, 1.0, 2.0, 2.0, -0.0, 4.0, 2.0, -0.0, 0.0, 4.0, 1.0]",0.5051722221927701
2,545,1,"[1, 1, 43, 24, 0, 1333, 4, 1, 1, 2, 2, 0, 0, 2, 1, 2, 2, 0]","[1.0, 1.0, 43.0, 24.0, 0.0, 1333.0, 4.0, 1.0, 1.0, 2.0, 2.0, -0.0, 0.0, 2.0, 1.0, 2.0, 2.0, 1.0]",0.505296880891992
3,821,0,"[1, 0, 24, 12, 3, 3016, 3, 1, 1, 1, 1, 0, 2, 2, 0, 1, 1, 0]","[1.0, 0.0, 24.0, 12.0, 3.0, 3016.0, 3.0, 1.0, 1.0, 1.0, 1.0, -0.0, 2.0, 2.0, -0.0, 1.0, 1.0, 1.0]",0.5054660093034082
4,10,0,"[2, 0, 25, 12, 0, 1295, 3, 1, 1, 1, 1, 0, 1, 2, 0, 0, 1, 0]","[2.0, 0.0, 25.0, 12.0, 0.0, 1295.0, 3.0, 1.0, 1.0, 1.0, 1.0, -0.0, 1.0, 2.0, -0.0, 0.0, 1.0, 1.0]",0.5067707238941122
5,338,1,"[1, 1, 28, 24, 2, 4169, 4, 1, 1, 1, 1, 0, 2, 2, 0, 1, 4, 1]","[1.0, 1.0, 28.0, 24.0, 2.0, 4169.0, 3.0, 1.0, 1.0, 1.0, 1.0, -0.0, 2.0, 2.0, -0.0, 1.0, 4.0, 1.0]",0.5069739139098288
6,29,1,"[1, 1, 63, 60, 9, 6836, 3, 1, 1, 2, 1, 0, 4, 2, 0, 1, 4, 1]","[1.0, 1.0, 63.0, 60.0, 9.0, 6836.0, 2.0, 1.0, 1.0, 2.0, 1.0, 0.0, 4.0, 2.0, -0.0, 1.0, 4.0, 1.0]",0.5072072128690941
0,181,0,"[1, 0, 30, 36, 9, 4455, 2, 1, 1, 2, 1, 0, 2, 3, 0, 1, 2, 1]","[1.0, 0.0, 30.0, 36.0, 9.0, 4455.0, 1.0, 1.0, 1.0, 2.0, 1.0, 0.0, 2.0, 3.0, -0.0, 1.0, 2.0, 1.0]",0.509054505942656
1,950,0,"[1, 0, 40, 18, 9, 3590, 3, 1, 1, 3, 2, 0, 0, 0, 1, 1, 3, 1]","[1.0, 0.0, 40.0, 18.0, 9.0, 3590.0, 2.0, 1.0, 1.0, 3.0, 2.0, 0.0, 0.0, 0.0, 1.0, 1.0, 3.0, 1.0]",0.5090582235438219
2,525,1,"[1, 1, 30, 26, 1, 7966, 2, 1, 1, 2, 1, 0, 1, 2, 0, 1, 3, 1]","[1.0, 1.0, 30.0, 26.0, 1.0, 7966.0, 1.0, 1.0, 1.0, 2.0, 1.0, -0.0, 1.0, 2.0, 0.0, 1.0, 3.0, 1.0]",0.5091423885172994
3,367,0,"[2, 0, 22, 18, 2, 3650, 1, 1, 1, 1, 1, 0, 1, 2, 0, 0, 4, 0]","[2.0, 0.0, 22.0, 18.0, 2.0, 3650.0, 1.0, 1.0, 1.0, 1.0, 1.0, -0.0, 1.0, 2.0, -0.0, 0.0, 4.0, 1.0]",0.509541704900551
4,637,1,"[1, 1, 21, 60, 3, 15653, 2, 0, 1, 2, 1, 0, 3, 2, 0, 1, 4, 1]","[1.0, 1.0, 21.0, 60.0, 3.0, 15653.0, 1.0, 0.0, 1.0, 2.0, 1.0, 0.0, 3.0, 2.0, -0.0, 1.0, 4.0, 1.0]",0.5099757751859562
5,722,0,"[2, 0, 24, 12, 0, 1228, 4, 1, 1, 1, 1, 0, 2, 1, 0, 1, 2, 0]","[2.0, 0.0, 24.0, 12.0, 0.0, 1228.0, 4.0, 1.0, 1.0, 1.0, 1.0, -0.0, 2.0, 1.0, -0.0, 1.0, 2.0, 1.0]",0.5104938395577758
6,438,1,"[1, 1, 65, 42, 5, 3394, 4, 1, 1, 2, 1, 1, 0, 0, 1, 1, 4, 0]","[1.0, 1.0, 65.0, 42.0, 5.0, 3394.0, 4.0, 1.0, 1.0, 2.0, 1.0, 1.0, 0.0, 0.0, 1.0, 1.0, 4.0, 1.0]",0.5125149377427254
0,937,0,"[1, 0, 30, 6, 3, 2063, 4, 1, 1, 1, 1, 0, 1, 3, 0, 0, 3, 1]","[1.0, 0.0, 30.0, 6.0, 3.0, 2063.0, 3.0, 1.0, 1.0, 1.0, 1.0, 0.0, 1.0, 3.0, -0.0, 0.0, 3.0, 1.0]",0.5127823859102854
1,397,0,"[1, 0, 46, 36, 2, 2348, 3, 1, 1, 2, 1, 0, 2, 2, 0, 1, 2, 1]","[1.0, 0.0, 46.0, 36.0, 2.0, 2348.0, 2.0, 1.0, 1.0, 2.0, 1.0, 0.0, 2.0, 2.0, -0.0, 1.0, 2.0, 1.0]",0.5128590430483491
2,235,1,"[1, 1, 30, 24, 3, 1823, 4, 1, 1, 1, 2, 0, 0, 3, 1, 1, 2, 1]","[1.0, 1.0, 30.0, 24.0, 3.0, 1823.0, 3.0, 1.0, 1.0, 1.0, 2.0, 0.0, 0.0, 3.0, 1.0, 1.0, 2.0, 1.0]",0.5133462834528186
3,922,0,"[2, 0, 22, 9, 3, 1366, 3, 1, 1, 1, 1, 0, 1, 2, 0, 0, 4, 0]","[2.0, 0.0, 22.0, 9.0, 3.0, 1366.0, 3.0, 1.0, 1.0, 1.0, 1.0, -0.0, 1.0, 2.0, -0.0, 0.0, 4.0, 1.0]",0.5137197557523703
4,203,0,"[1, 0, 21, 12, 8, 902, 4, 1, 1, 1, 1, 0, 3, 2, 0, 0, 4, 0]","[1.0, 0.0, 21.0, 12.0, 8.0, 902.0, 4.0, 1.0, 1.0, 1.0, 1.0, -0.0, 3.0, 2.0, -0.0, 0.0, 4.0, 1.0]",0.5137466855498187
5,462,0,"[2, 0, 34, 12, 2, 3017, 3, 1, 1, 1, 1, 0, 1, 3, 0, 0, 1, 0]","[2.0, 0.0, 34.0, 12.0, 2.0, 3017.0, 3.0, 1.0, 1.0, 1.0, 1.0, -0.0, 1.0, 3.0, -0.0, 0.0, 1.0, 1.0]",0.514304012475511
6,924,0,"[1, 0, 55, 24, 2, 6872, 2, 1, 1, 1, 1, 0, 1, 2, 0, 1, 1, 1]","[1.0, 0.0, 55.0, 24.0, 2.0, 6872.0, 1.0, 1.0, 1.0, 1.0, 1.0, 0.0, 1.0, 2.0, -0.0, 1.0, 1.0, 1.0]",0.5146948648004779
0,342,0,"[1, 0, 25, 18, 3, 3213, 1, 1, 1, 1, 1, 0, 1, 2, 0, 0, 3, 0]","[1.0, 0.0, 25.0, 18.0, 3.0, 3213.0, 1.0, 1.0, 1.0, 1.0, 1.0, -0.0, 1.0, 2.0, -0.0, 0.0, 3.0, 1.0]",0.5149845332786991
1,535,0,"[1, 0, 33, 21, 6, 2319, 2, 1, 1, 1, 1, 0, 1, 2, 0, 0, 1, 0]","[1.0, 0.0, 33.0, 21.0, 6.0, 2319.0, 2.0, 1.0, 1.0, 1.0, 1.0, -0.0, 1.0, 2.0, -0.0, 0.0, 1.0, 1.0]",0.5151466122528235
2,788,1,"[1, 1, 50, 48, 6, 6224, 4, 1, 1, 1, 1, 0, 4, 2, 0, 2, 4, 1]","[1.0, 1.0, 50.0, 48.0, 6.0, 6224.0, 3.0, 1.0, 1.0, 1.0, 1.0, -0.0, 4.0, 2.0, -0.0, 2.0, 4.0, 1.0]",0.5159112837505657
3,339,0,"[1, 0, 31, 10, 2, 1521, 4, 1, 1, 1, 1, 0, 2, 1, 0, 1, 2, 0]","[1.0, 0.0, 31.0, 10.0, 2.0, 1521.0, 4.0, 1.0, 1.0, 1.0, 1.0, -0.0, 2.0, 1.0, -0.0, 1.0, 2.0, 1.0]",0.516302379960514
4,596,0,"[2, 0, 23, 24, 0, 1442, 4, 1, 1, 2, 1, 0, 3, 2, 0, 0, 4, 1]","[2.0, 0.0, 23.0, 24.0, 0.0, 1442.0, 3.0, 1.0, 1.0, 2.0, 1.0, -0.0, 3.0, 2.0, -0.0, 0.0, 4.0, 1.0]",0.5164595039141328
5,630,0,"[2, 0, 28, 24, 3, 3660, 2, 1, 1, 1, 1, 0, 2, 2, 0, 1, 4, 0]","[2.0, 0.0, 28.0, 24.0, 3.0, 3660.0, 2.0, 1.0, 1.0, 1.0, 1.0, -0.0, 2.0, 2.0, -0.0, 1.0, 4.0, 1.0]",0.5165599541486401
6,112,1,"[1, 1, 28, 18, 0, 6260, 3, 1, 1, 1, 1, 0, 3, 1, 0, 0, 3, 0]","[1.0, 1.0, 28.0, 18.0, 0.0, 6260.0, 3.0, 1.0, 1.0, 1.0, 1.0, -0.0, 3.0, 1.0, -0.0, 0.0, 3.0, 1.0]",0.5175487845784137
0,191,1,"[1, 1, 34, 48, 9, 3844, 3, 1, 1, 1, 2, 0, 3, 1, 0, 2, 4, 1]","[1.0, 1.0, 34.0, 48.0, 9.0, 3844.0, 2.0, 1.0, 1.0, 1.0, 2.0, -0.0, 3.0, 1.0, 0.0, 2.0, 4.0, 1.0]",0.518936820512198
1,293,1,"[1, 1, 56, 42, 1, 4796, 4, 1, 1, 1, 1, 0, 4, 2, 0, 2, 4, 0]","[1.0, 1.0, 56.0, 42.0, 1.0, 4796.0, 4.0, 1.0, 1.0, 1.0, 1.0, -0.0, 4.0, 2.0, -0.0, 2.0, 4.0, 1.0]",0.5191433977598641
2,315,1,"[1, 1, 31, 36, 2, 2746, 4, 1, 1, 1, 1, 0, 4, 2, 0, 1, 4, 0]","[1.0, 1.0, 31.0, 36.0, 2.0, 2746.0, 4.0, 1.0, 1.0, 1.0, 1.0, -0.0, 4.0, 2.0, -0.0, 1.0, 4.0, 1.0]",0.5209673159660346
3,634,0,"[2, 0, 25, 24, 0, 1355, 3, 1, 1, 1, 1, 0, 1, 1, 0, 1, 4, 1]","[2.0, 0.0, 25.0, 24.0, 0.0, 1355.0, 2.0, 1.0, 1.0, 1.0, 1.0, 0.0, 1.0, 1.0, -0.0, 1.0, 4.0, 1.0]",0.5213577366750841
4,43,0,"[1, 0, 24, 30, 1, 6187, 1, 1, 1, 2, 1, 0, 3, 2, 0, 0, 4, 1]","[1.0, 0.0, 24.0, 30.0, 1.0, 6187.0, 1.0, 1.0, 1.0, 2.0, 1.0, -0.0, 3.0, 2.0, 1.0, 0.0, 4.0, 1.0]",0.5216136060115715
5,301,0,"[2, 0, 42, 36, 3, 3804, 3, 1, 1, 1, 1, 0, 2, 2, 0, 1, 1, 1]","[2.0, 0.0, 42.0, 36.0, 3.0, 3804.0, 2.0, 1.0, 1.0, 1.0, 1.0, 0.0, 2.0, 2.0, -0.0, 1.0, 1.0, 1.0]",0.5218196462150371
6,255,1,"[1, 1, 27, 60, 3, 7418, 1, 1, 0, 1, 1, 0, 2, 1, 0, 1, 1, 0]","[1.0, 1.0, 27.0, 60.0, 3.0, 7418.0, 1.0, 1.0, 0.0, 1.0, 1.0, -0.0, 2.0, 1.0, -0.0, 1.0, 1.0, 1.0]",0.5220409595749793
0,364,1,"[1, 1, 25, 18, 2, 2473, 4, 1, 1, 1, 1, 0, 0, 0, 1, 1, 1, 0]","[1.0, 1.0, 25.0, 18.0, 2.0, 2473.0, 4.0, 1.0, 1.0, 1.0, 1.0, -0.0, 0.0, 0.0, 1.0, 1.0, 1.0, 1.0]",0.5224036651433801
1,359,0,"[2, 0, 23, 30, 2, 2406, 3, 1, 1, 1, 1, 0, 3, 2, 0, 0, 4, 1]","[2.0, 0.0, 23.0, 30.0, 2.0, 2406.0, 2.0, 1.0, 1.0, 1.0, 1.0, 0.0, 3.0, 2.0, -0.0, 0.0, 4.0, 1.0]",0.5225696313205801
2,416,1,"[1, 1, 33, 12, 0, 2579, 4, 1, 1, 1, 2, 0, 1, 1, 0, 1, 1, 0]","[1.0, 1.0, 33.0, 12.0, 0.0, 2579.0, 4.0, 1.0, 1.0, 1.0, 2.0, -0.0, 1.0, 1.0, -0.0, 1.0, 1.0, 1.0]",0.5231935013440654
3,7,1,"[1, 1, 35, 36, 1, 6948, 2, 1, 1, 1, 1, 0, 2, 3, 0, 0, 2, 1]","[1.0, 1.0, 35.0, 36.0, 1.0, 6948.0, 1.0, 1.0, 1.0, 1.0, 1.0, 0.0, 2.0, 3.0, -0.0, 0.0, 2.0, 1.0]",0.5232931268568394
4,714,1,"[1, 1, 27, 60, 0, 14027, 3, 0, 1, 1, 1, 0, 3, 3, 0, 1, 2, 1]","[1.0, 1.0, 27.0, 60.0, 0.0, 14027.0, 2.0, 0.0, 1.0, 1.0, 1.0, 0.0, 3.0, 3.0, -0.0, 1.0, 2.0, 1.0]",0.5236973498964974
5,704,0,"[2, 0, 32, 27, 9, 2528, 3, 1, 1, 1, 2, 0, 1, 2, 0, 1, 1, 1]","[2.0, 0.0, 32.0, 27.0, 9.0, 2528.0, 2.0, 1.0, 1.0, 1.0, 2.0, 0.0, 1.0, 2.0, -0.0, 1.0, 1.0, 1.0]",0.5242847593407558
6,660,0,"[1, 0, 23, 12, 3, 1297, 3, 1, 1, 1, 1, 0, 2, 2, 0, 0, 4, 0]","[1.0, 0.0, 23.0, 12.0, 3.0, 1297.0, 3.0, 1.0, 1.0, 1.0, 1.0, -0.0, 2.0, 2.0, -0.0, 0.0, 4.0, 1.0]",0.5260945892082292
0,966,1,"[1, 1, 23, 27, 3, 2520, 4, 1, 1, 2, 1, 0, 2, 1, 0, 1, 2, 0]","[1.0, 1.0, 23.0, 27.0, 3.0, 2520.0, 4.0, 1.0, 1.0, 2.0, 1.0, -0.0, 2.0, 1.0, -0.0, 1.0, 2.0, 1.0]",0.5268227853292282
1,607,0,"[2, 0, 50, 36, 3, 2671, 4, 1, 1, 1, 1, 1, 2, 2, 0, 2, 4, 0]","[2.0, 0.0, 50.0, 36.0, 3.0, 2671.0, 4.0, 1.0, 1.0, 1.0, 1.0, 1.0, 2.0, 2.0, -0.0, 2.0, 4.0, 1.0]",0.5276818206749594
2,481,1,"[1, 1, 26, 24, 0, 1201, 4, 1, 1, 1, 1, 0, 1, 2, 0, 1, 1, 0]","[1.0, 1.0, 26.0, 24.0, 0.0, 1201.0, 4.0, 1.0, 1.0, 1.0, 1.0, -0.0, 1.0, 2.0, -0.0, 1.0, 1.0, 1.0]",0.5278001908410084
3,618,0,"[2, 0, 21, 30, 2, 3441, 2, 1, 1, 1, 1, 1, 2, 2, 0, 0, 4, 0]","[2.0, 0.0, 21.0, 30.0, 2.0, 3441.0, 2.0, 1.0, 1.0, 1.0, 1.0, 1.0, 2.0, 2.0, -0.0, 0.0, 4.0, 1.0]",0.5278635033279322
4,101,1,"[1, 1, 24, 36, 3, 2323, 4, 1, 1, 1, 1, 0, 3, 2, 0, 0, 4, 1]","[1.0, 1.0, 24.0, 36.0, 3.0, 2323.0, 3.0, 1.0, 1.0, 1.0, 1.0, 0.0, 3.0, 2.0, -0.0, 0.0, 4.0, 1.0]",0.5291440349468106
5,197,0,"[2, 0, 27, 12, 2, 951, 4, 1, 1, 4, 1, 0, 1, 2, 0, 0, 4, 0]","[2.0, 0.0, 27.0, 12.0, 2.0, 951.0, 4.0, 1.0, 1.0, 4.0, 1.0, 0.0, 1.0, 2.0, 0.0, 0.0, 4.0, 1.0]",0.5297143699224414
6,118,0,"[2, 0, 23, 33, 2, 4281, 1, 1, 1, 2, 1, 0, 2, 2, 0, 1, 4, 0]","[2.0, 0.0, 23.0, 33.0, 2.0, 4281.0, 1.0, 1.0, 1.0, 2.0, 1.0, 0.0, 2.0, 2.0, 0.0, 1.0, 4.0, 1.0]",0.5311299747644496
0,205,1,"[1, 1, 38, 30, 1, 10623, 3, 1, 1, 3, 2, 0, 4, 3, 0, 2, 4, 1]","[1.0, 1.0, 38.0, 30.0, 1.0, 10623.0, 2.0, 1.0, 1.0, 3.0, 2.0, 0.0, 4.0, 3.0, -0.0, 2.0, 4.0, 1.0]",0.5317296916994028
1,604,0,"[2, 0, 23, 10, 2, 1275, 4, 1, 1, 1, 1, 0, 1, 2, 0, 1, 2, 0]","[2.0, 0.0, 23.0, 10.0, 2.0, 1275.0, 4.0, 1.0, 1.0, 1.0, 1.0, 0.0, 1.0, 2.0, -0.0, 1.0, 2.0, 1.0]",0.5336665668008158
2,814,1,"[1, 1, 46, 48, 0, 3931, 3, 1, 1, 1, 2, 0, 3, 2, 0, 2, 4, 1]","[1.0, 1.0, 46.0, 48.0, 0.0, 3931.0, 2.0, 1.0, 1.0, 1.0, 2.0, 0.0, 3.0, 2.0, -0.0, 2.0, 4.0, 1.0]",0.5343881034462998
3,73,0,"[2, 0, 41, 42, 9, 5954, 2, 1, 1, 2, 1, 0, 3, 1, 0, 1, 1, 0]","[2.0, 0.0, 41.0, 42.0, 9.0, 5954.0, 2.0, 1.0, 1.0, 2.0, 1.0, 0.0, 3.0, 1.0, -0.0, 1.0, 1.0, 1.0]",0.5360981921513057
4,640,0,"[2, 0, 27, 18, 6, 750, 4, 1, 1, 1, 1, 0, 0, 0, 1, 1, 1, 0]","[2.0, 0.0, 27.0, 18.0, 6.0, 750.0, 4.0, 1.0, 1.0, 1.0, 1.0, 0.0, 0.0, 0.0, 1.0, 1.0, 1.0, 1.0]",0.536876750533311
5,735,0,"[2, 0, 29, 36, 4, 3990, 3, 1, 0, 1, 1, 0, 1, 0, 0, 1, 2, 0]","[2.0, 0.0, 29.0, 36.0, 4.0, 3990.0, 3.0, 1.0, 0.0, 1.0, 1.0, 0.0, 1.0, 0.0, -0.0, 1.0, 2.0, 1.0]",0.5368848172385476
6,893,1,"[1, 1, 34, 36, 1, 5800, 3, 1, 1, 2, 1, 0, 2, 2, 0, 1, 4, 1]","[1.0, 1.0, 34.0, 36.0, 1.0, 5800.0, 2.0, 1.0, 1.0, 2.0, 1.0, 0.0, 2.0, 2.0, -0.0, 1.0, 4.0, 1.0]",0.5375720025984809
0,805,1,"[1, 1, 24, 36, 0, 9271, 2, 1, 1, 1, 1, 0, 3, 2, 0, 1, 1, 1]","[1.0, 1.0, 24.0, 36.0, 0.0, 9271.0, 1.0, 1.0, 1.0, 1.0, 1.0, 0.0, 3.0, 2.0, -0.0, 1.0, 1.0, 1.0]",0.5384005426684471
1,616,1,"[1, 1, 27, 60, 3, 9157, 2, 1, 0, 1, 1, 0, 2, 3, 0, 2, 2, 1]","[1.0, 1.0, 27.0, 60.0, 3.0, 9157.0, 1.0, 1.0, 0.0, 1.0, 1.0, 0.0, 2.0, 3.0, -0.0, 2.0, 2.0, 1.0]",0.5388107604148785
2,829,1,"[1, 1, 38, 48, 9, 6681, 4, 1, 0, 1, 2, 0, 2, 2, 0, 2, 4, 1]","[1.0, 1.0, 38.0, 48.0, 9.0, 6681.0, 3.0, 1.0, 0.0, 1.0, 2.0, 0.0, 2.0, 2.0, -0.0, 2.0, 4.0, 1.0]",0.5388190820049101
3,610,0,"[2, 0, 22, 12, 4, 741, 4, 1, 1, 1, 1, 0, 0, 2, 1, 1, 3, 0]","[2.0, 0.0, 22.0, 12.0, 4.0, 741.0, 4.0, 1.0, 1.0, 1.0, 1.0, 0.0, 0.0, 2.0, 1.0, 1.0, 3.0, 1.0]",0.5392549735654744
4,556,0,"[2, 0, 28, 18, 0, 2278, 3, 1, 1, 2, 1, 0, 1, 2, 0, 1, 3, 0]","[2.0, 0.0, 28.0, 18.0, 0.0, 2278.0, 3.0, 1.0, 1.0, 2.0, 1.0, 0.0, 1.0, 2.0, -0.0, 1.0, 3.0, 1.0]",0.5395071987334735
5,832,1,"[1, 1, 29, 45, 9, 11816, 1, 1, 1, 2, 1, 0, 4, 2, 0, 0, 4, 1]","[1.0, 1.0, 29.0, 45.0, 9.0, 11816.0, 1.0, 1.0, 1.0, 2.0, 1.0, -0.0, 4.0, 2.0, 1.0, 0.0, 4.0, 1.0]",0.5395101210261126
6,639,1,"[1, 1, 26, 42, 3, 4370, 3, 1, 1, 2, 2, 0, 3, 2, 0, 1, 2, 1]","[1.0, 1.0, 26.0, 42.0, 3.0, 4370.0, 2.0, 1.0, 1.0, 2.0, 2.0, 0.0, 3.0, 2.0, -0.0, 1.0, 2.0, 1.0]",0.5396484671789823
0,67,0,"[1, 0, 22, 12, 0, 1007, 4, 1, 1, 1, 1, 0, 2, 2, 0, 1, 1, 0]","[1.0, 0.0, 22.0, 12.0, 0.0, 1007.0, 4.0, 1.0, 1.0, 1.0, 1.0, 0.0, 2.0, 2.0, -0.0, 1.0, 1.0, 1.0]",0.5396731539133931
1,152,1,"[1, 1, 24, 36, 3, 5848, 3, 1, 1, 1, 1, 0, 2, 2, 0, 1, 1, 1]","[1.0, 1.0, 24.0, 36.0, 3.0, 5848.0, 2.0, 1.0, 1.0, 1.0, 1.0, -0.0, 2.0, 2.0, 0.0, 1.0, 1.0, 1.0]",0.540371718080829
2,328,1,"[1, 1, 31, 36, 3, 4473, 4, 1, 1, 1, 1, 0, 4, 2, 0, 1, 2, 0]","[1.0, 1.0, 31.0, 36.0, 3.0, 4473.0, 4.0, 1.0, 1.0, 1.0, 1.0, 0.0, 4.0, 2.0, -0.0, 1.0, 2.0, 1.0]",0.540549535340873
3,707,0,"[2, 0, 25, 12, 2, 2969, 4, 1, 1, 2, 1, 0, 1, 2, 0, 0, 3, 1]","[2.0, 0.0, 25.0, 12.0, 2.0, 2969.0, 3.0, 1.0, 1.0, 2.0, 1.0, 0.0, 1.0, 2.0, -0.0, 0.0, 3.0, 1.0]",0.5410507718510473
4,477,1,"[1, 1, 25, 24, 3, 5152, 4, 1, 1, 1, 1, 0, 3, 2, 0, 1, 2, 0]","[1.0, 1.0, 25.0, 24.0, 3.0, 5152.0, 4.0, 1.0, 1.0, 1.0, 1.0, 0.0, 3.0, 2.0, -0.0, 1.0, 2.0, 1.0]",0.5414300852489489
5,701,1,"[1, 1, 46, 48, 1, 6331, 4, 1, 1, 2, 1, 0, 4, 2, 0, 2, 4, 1]","[1.0, 1.0, 46.0, 48.0, 1.0, 6331.0, 3.0, 1.0, 1.0, 2.0, 1.0, 0.0, 4.0, 2.0, -0.0, 2.0, 4.0, 1.0]",0.5415837356688114
0,368,1,"[1, 1, 42, 36, 2, 3446, 4, 1, 1, 1, 2, 0, 4, 2, 0, 1, 2, 0]","[1.0, 1.0, 42.0, 36.0, 2.0, 3446.0, 4.0, 1.0, 1.0, 1.0, 2.0, 0.0, 4.0, 2.0, -0.0, 1.0, 2.0, 1.0]",0.5427636800106609
1,470,0,"[1, 0, 22, 24, 3, 3092, 2, 1, 1, 1, 1, 0, 1, 2, 0, 0, 2, 1]","[1.0, 0.0, 22.0, 24.0, 3.0, 3092.0, 1.0, 1.0, 1.0, 1.0, 1.0, -0.0, 1.0, 2.0, 0.0, 0.0, 2.0, 1.0]",0.5440650123922018
2,840,1,"[1, 1, 29, 36, 2, 5179, 4, 1, 1, 1, 1, 0, 3, 2, 0, 1, 2, 1]","[1.0, 1.0, 29.0, 36.0, 2.0, 5179.0, 3.0, 1.0, 1.0, 1.0, 1.0, 0.0, 3.0, 2.0, -0.0, 1.0, 2.0, 1.0]",0.544812159270978
3,952,0,"[2, 0, 28, 24, 1, 4113, 2, 1, 1, 1, 1, 0, 1, 2, 0, 0, 4, 1]","[2.0, 0.0, 28.0, 24.0, 1.0, 4113.0, 1.0, 1.0, 1.0, 1.0, 1.0, 0.0, 1.0, 2.0, 0.0, 0.0, 4.0, 1.0]",0.5451639487731625
4,985,0,"[2, 0, 25, 15, 2, 1433, 4, 1, 1, 2, 1, 0, 2, 2, 0, 0, 3, 0]","[2.0, 0.0, 25.0, 15.0, 2.0, 1433.0, 4.0, 1.0, 1.0, 2.0, 1.0, 0.0, 2.0, 2.0, -0.0, 0.0, 3.0, 1.0]",0.5457050095033504
5,538,1,"[1, 1, 42, 48, 0, 7763, 3, 1, 1, 1, 1, 0, 4, 3, 0, 2, 4, 1]","[1.0, 1.0, 42.0, 48.0, 0.0, 7763.0, 2.0, 1.0, 1.0, 1.0, 1.0, 0.0, 4.0, 3.0, 0.0, 2.0, 4.0, 1.0]",0.5459568534942569
0,666,1,"[1, 1, 34, 30, 2, 3496, 4, 1, 1, 1, 2, 0, 2, 2, 0, 1, 2, 1]","[1.0, 1.0, 34.0, 30.0, 2.0, 3496.0, 3.0, 1.0, 1.0, 1.0, 2.0, 0.0, 2.0, 2.0, -0.0, 1.0, 2.0, 1.0]",0.5462956505442538
1,167,0,"[2, 0, 20, 11, 2, 1577, 4, 1, 1, 1, 1, 0, 1, 2, 0, 1, 1, 0]","[2.0, 0.0, 20.0, 11.0, 2.0, 1577.0, 4.0, 1.0, 1.0, 1.0, 1.0, 0.0, 1.0, 2.0, -0.0, 1.0, 1.0, 1.0]",0.5463171756761552
2,993,1,"[1, 1, 30, 36, 2, 3959, 3, 1, 1, 1, 1, 0, 0, 3, 1, 1, 3, 1]","[1.0, 1.0, 30.0, 36.0, 2.0, 3959.0, 2.0, 1.0, 1.0, 1.0, 1.0, 0.0, 0.0, 3.0, 1.0, 1.0, 3.0, 1.0]",0.5463868518323434
3,721,0,"[2, 0, 24, 6, 6, 433, 4, 1, 1, 1, 2, 0, 1, 2, 0, 0, 2, 0]","[2.0, 0.0, 24.0, 6.0, 6.0, 433.0, 4.0, 1.0, 1.0, 1.0, 2.0, 0.0, 1.0, 2.0, -0.0, 0.0, 2.0, 1.0]",0.5465018678432927
4,130,0,"[2, 0, 24, 48, 0, 8487, 1, 1, 0, 1, 1, 0, 3, 2, 0, 1, 2, 0]","[2.0, 0.0, 24.0, 48.0, 0.0, 8487.0, 1.0, 1.0, 0.0, 1.0, 1.0, 0.0, 3.0, 2.0, -0.0, 1.0, 2.0, 1.0]",0.5483159692110997
5,242,1,"[1, 1, 24, 48, 1, 4605, 3, 1, 1, 2, 2, 0, 4, 2, 0, 2, 4, 1]","[1.0, 1.0, 24.0, 48.0, 1.0, 4605.0, 2.0, 1.0, 1.0, 2.0, 2.0, 0.0, 4.0, 2.0, -0.0, 2.0, 4.0, 1.0]",0.5483975740151624
0,783,0,"[2, 0, 23, 12, 0, 836, 4, 1, 1, 1, 1, 0, 1, 1, 0, 1, 2, 0]","[2.0, 0.0, 23.0, 12.0, 0.0, 836.0, 4.0, 1.0, 1.0, 1.0, 1.0, 0.0, 1.0, 1.0, -0.0, 1.0, 2.0, 1.0]",0.5486625807406751
1,86,0,"[2, 0, 27, 18, 2, 1295, 4, 1, 1, 2, 1, 0, 1, 2, 0, 1, 1, 0]","[2.0, 0.0, 27.0, 18.0, 2.0, 1295.0, 4.0, 1.0, 1.0, 2.0, 1.0, 0.0, 1.0, 2.0, -0.0, 1.0, 1.0, 1.0]",0.5486802391954138
2,474,0,"[1, 0, 33, 18, 3, 1245, 4, 1, 1, 1, 1, 0, 2, 2, 0, 1, 2, 0]","[1.0, 0.0, 33.0, 18.0, 3.0, 1245.0, 4.0, 1.0, 1.0, 1.0, 1.0, 0.0, 2.0, 2.0, -0.0, 1.0, 2.0, 1.0]",0.5490870706671118
3,504,0,"[2, 0, 24, 24, 0, 1207, 3, 1, 1, 1, 1, 0, 1, 2, 0, 0, 4, 1]","[2.0, 0.0, 24.0, 24.0, 0.0, 1207.0, 2.0, 1.0, 1.0, 1.0, 1.0, 0.0, 1.0, 2.0, 0.0, 0.0, 4.0, 1.0]",0.5493146155290403
4,503,1,"[1, 1, 38, 24, 3, 1216, 4, 1, 1, 2, 2, 0, 1, 2, 0, 1, 4, 0]","[1.0, 1.0, 38.0, 24.0, 3.0, 1216.0, 4.0, 1.0, 1.0, 2.0, 2.0, 0.0, 1.0, 2.0, -0.0, 1.0, 4.0, 1.0]",0.5497216912296619
5,946,1,"[1, 1, 30, 24, 2, 3349, 4, 1, 1, 1, 2, 0, 1, 2, 0, 2, 4, 1]","[1.0, 1.0, 30.0, 24.0, 2.0, 3349.0, 3.0, 1.0, 1.0, 1.0, 2.0, 0.0, 1.0, 2.0, -0.0, 2.0, 4.0, 1.0]",0.5500039144217095
0,387,1,"[1, 1, 40, 18, 2, 7374, 4, 1, 1, 2, 1, 0, 0, 3, 1, 1, 4, 1]","[1.0, 1.0, 40.0, 18.0, 2.0, 7374.0, 3.0, 1.0, 1.0, 2.0, 1.0, 0.0, 0.0, 3.0, 1.0, 1.0, 4.0, 1.0]",0.5500206310448591
1,229,1,"[1, 1, 22, 24, 2, 3149, 4, 1, 1, 1, 1, 0, 1, 2, 0, 2, 1, 0]","[1.0, 1.0, 22.0, 24.0, 2.0, 3149.0, 4.0, 1.0, 1.0, 1.0, 1.0, 0.0, 1.0, 2.0, -0.0, 2.0, 1.0, 1.0]",0.5501665416205704
2,355,1,"[1, 1, 23, 24, 0, 1246, 4, 1, 1, 1, 1, 0, 1, 1, 0, 1, 2, 0]","[1.0, 1.0, 23.0, 24.0, 0.0, 1246.0, 4.0, 1.0, 1.0, 1.0, 1.0, 0.0, 1.0, 1.0, -0.0, 1.0, 2.0, 1.0]",0.5511832285269238
3,677,0,"[1, 0, 24, 72, 3, 5595, 2, 0, 1, 1, 1, 0, 2, 2, 0, 1, 2, 0]","[1.0, 0.0, 24.0, 72.0, 3.0, 5595.0, 2.0, 0.0, 1.0, 1.0, 1.0, 0.0, 2.0, 2.0, -0.0, 1.0, 2.0, 1.0]",0.5524491492485293
4,522,1,"[1, 1, 53, 48, 2, 7119, 2, 1, 1, 2, 2, 0, 2, 2, 0, 2, 4, 1]","[1.0, 1.0, 53.0, 48.0, 2.0, 7119.0, 1.0, 1.0, 1.0, 2.0, 2.0, 0.0, 2.0, 2.0, 0.0, 2.0, 4.0, 1.0]",0.5526817504732547
5,15,0,"[2, 0, 32, 24, 3, 1282, 4, 1, 1, 1, 1, 0, 2, 1, 0, 1, 2, 0]","[2.0, 0.0, 32.0, 24.0, 3.0, 1282.0, 4.0, 1.0, 1.0, 1.0, 1.0, -0.0, 2.0, 1.0, -0.0, 1.0, 2.0, 1.0]",0.5531088817892053
0,347,0,"[2, 0, 23, 24, 3, 3758, 1, 1, 1, 1, 1, 0, 0, 0, 1, 0, 4, 0]","[2.0, 0.0, 23.0, 24.0, 3.0, 3758.0, 1.0, 1.0, 1.0, 1.0, 1.0, 0.0, 0.0, 0.0, 1.0, 0.0, 4.0, 1.0]",0.5531895409328444
1,375,0,"[2, 0, 37, 48, 9, 7685, 2, 1, 1, 1, 1, 2, 3, 2, 0, 0, 4, 0]","[2.0, 0.0, 37.0, 48.0, 9.0, 7685.0, 2.0, 1.0, 1.0, 1.0, 1.0, 2.0, 3.0, 2.0, 0.0, 0.0, 4.0, 1.0]",0.5535539826318236
2,201,0,"[1, 0, 27, 12, 0, 1168, 4, 1, 1, 1, 1, 0, 2, 1, 0, 1, 3, 0]","[1.0, 0.0, 27.0, 12.0, 0.0, 1168.0, 4.0, 1.0, 1.0, 1.0, 1.0, -0.0, 2.0, 1.0, -0.0, 1.0, 3.0, 1.0]",0.5540444163615953
3,583,1,"[1, 1, 33, 36, 5, 2384, 4, 1, 1, 1, 1, 0, 1, 1, 0, 0, 1, 1]","[1.0, 1.0, 33.0, 36.0, 5.0, 2384.0, 3.0, 1.0, 1.0, 1.0, 1.0, 0.0, 1.0, 1.0, -0.0, 0.0, 1.0, 1.0]",0.5544023955564044
4,706,1,"[1, 1, 24, 48, 0, 6560, 2, 1, 1, 1, 1, 0, 3, 2, 0, 1, 2, 1]","[1.0, 1.0, 24.0, 48.0, 0.0, 6560.0, 1.0, 1.0, 1.0, 1.0, 1.0, 0.0, 3.0, 2.0, 0.0, 1.0, 2.0, 1.0]",0.5562550518789378
5,813,1,"[1, 1, 54, 48, 4, 3051, 3, 1, 1, 1, 1, 0, 2, 2, 0, 1, 4, 0]","[1.0, 1.0, 54.0, 48.0, 4.0, 3051.0, 3.0, 1.0, 1.0, 1.0, 1.0, -0.0, 2.0, 2.0, -0.0, 1.0, 4.0, 1.0]",0.5576683327094544
0,166,0,"[2, 0, 33, 18, 2, 1131, 4, 1, 1, 1, 1, 0, 0, 2, 1, 1, 2, 0]","[2.0, 0.0, 33.0, 18.0, 2.0, 1131.0, 4.0, 1.0, 1.0, 1.0, 1.0, -0.0, 0.0, 2.0, 1.0, 1.0, 2.0, 1.0]",0.5585154212625418
1,593,0,"[2, 0, 20, 24, 0, 2718, 3, 1, 1, 1, 1, 0, 2, 1, 0, 0, 4, 1]","[2.0, 0.0, 20.0, 24.0, 0.0, 2718.0, 2.0, 1.0, 1.0, 1.0, 1.0, 0.0, 2.0, 1.0, -0.0, 0.0, 4.0, 1.0]",0.5587005298733044
2,131,1,"[1, 1, 29, 36, 6, 6887, 3, 1, 1, 1, 1, 0, 2, 2, 0, 1, 3, 1]","[1.0, 1.0, 29.0, 36.0, 6.0, 6887.0, 2.0, 1.0, 1.0, 1.0, 1.0, 0.0, 2.0, 2.0, 0.0, 1.0, 3.0, 1.0]",0.5596480572008954
3,650,1,"[1, 1, 50, 48, 6, 7476, 4, 1, 1, 1, 1, 0, 3, 3, 0, 2, 1, 1]","[1.0, 1.0, 50.0, 48.0, 6.0, 7476.0, 3.0, 1.0, 1.0, 1.0, 1.0, 0.0, 3.0, 3.0, -0.0, 2.0, 1.0, 1.0]",0.5604815940422475
4,333,0,"[2, 0, 24, 48, 1, 11590, 2, 0, 1, 2, 1, 0, 2, 1, 0, 0, 4, 0]","[2.0, 0.0, 24.0, 48.0, 1.0, 11590.0, 2.0, 0.0, 1.0, 2.0, 1.0, -0.0, 2.0, 1.0, -0.0, 0.0, 4.0, 1.0]",0.5619386062653882
5,935,1,"[1, 1, 30, 30, 3, 1919, 4, 1, 1, 2, 1, 0, 1, 3, 0, 1, 3, 0]","[1.0, 1.0, 30.0, 30.0, 3.0, 1919.0, 4.0, 1.0, 1.0, 2.0, 1.0, -0.0, 1.0, 3.0, -0.0, 1.0, 3.0, 1.0]",0.5625038764433632
0,998,1,"[1, 1, 23, 45, 3, 1845, 4, 1, 1, 1, 1, 0, 2, 2, 0, 2, 4, 1]","[1.0, 1.0, 23.0, 45.0, 3.0, 1845.0, 3.0, 1.0, 1.0, 1.0, 1.0, 0.0, 2.0, 2.0, -0.0, 2.0, 4.0, 1.0]",0.5627112676130137
1,309,0,"[1, 0, 22, 9, 0, 276, 4, 1, 1, 1, 1, 0, 2, 1, 0, 0, 4, 0]","[1.0, 0.0, 22.0, 9.0, 0.0, 276.0, 4.0, 1.0, 1.0, 1.0, 1.0, 0.0, 2.0, 1.0, -0.0, 0.0, 4.0, 1.0]",0.5662951970242974
2,230,1,"[1, 1, 26, 36, 3, 4210, 4, 1, 1, 1, 1, 0, 2, 2, 0, 1, 2, 1]","[1.0, 1.0, 26.0, 36.0, 3.0, 4186.0, 3.0, 1.0, 1.0, 1.0, 1.0, 0.0, 2.0, 2.0, -0.0, 1.0, 2.0, 1.0]",0.5671771507686663
3,831,0,"[2, 0, 23, 18, 0, 1216, 4, 1, 1, 1, 1, 0, 1, 2, 0, 0, 3, 1]","[2.0, 0.0, 23.0, 18.0, 0.0, 1190.0, 3.0, 1.0, 1.0, 1.0, 1.0, 0.0, 1.0, 2.0, -0.0, 0.0, 3.0, 1.0]",0.5672514664915597
4,87,1,"[1, 1, 47, 36, 6, 12612, 1, 1, 1, 1, 2, 0, 2, 2, 0, 2, 4, 1]","[1.0, 1.0, 47.0, 36.0, 6.0, 12612.0, 1.0, 0.0, 1.0, 1.0, 2.0, 0.0, 2.0, 2.0, -0.0, 2.0, 4.0, 1.0]",0.5673423669684539
5,79,0,"[1, 0, 22, 30, 2, 3832, 2, 1, 1, 1, 1, 0, 1, 2, 0, 1, 1, 1]","[1.0, 0.0, 22.0, 29.0, 2.0, 3832.0, 1.0, 1.0, 1.0, 1.0, 1.0, 0.0, 1.0, 2.0, 0.0, 1.0, 1.0, 1.0]",0.5677636861492938
0,789,1,"[1, 1, 27, 40, 6, 5998, 3, 1, 1, 1, 1, 0, 2, 2, 0, 1, 3, 1]","[1.0, 1.0, 27.0, 39.0, 6.0, 5998.0, 2.0, 1.0, 1.0, 1.0, 1.0, -0.0, 2.0, 2.0, -0.0, 1.0, 3.0, 1.0]",0.568046842196273
1,218,0,"[1, 0, 24, 24, 2, 3021, 2, 1, 1, 1, 1, 0, 2, 1, 0, 0, 2, 0]","[1.0, 0.0, 24.0, 24.0, 2.0, 3021.0, 2.0, 1.0, 1.0, 1.0, 1.0, 0.0, 2.0, 1.0, -0.0, 0.0, 2.0, 1.0]",0.5705116339685736
2,973,1,"[1, 1, 36, 60, 9, 7297, 2, 1, 1, 1, 1, 1, 4, 2, 0, 0, 4, 0]","[1.0, 1.0, 36.0, 60.0, 9.0, 7297.0, 2.0, 1.0, 1.0, 1.0, 1.0, 1.0, 4.0, 2.0, 0.0, 0.0, 4.0, 1.0]",0.5716728319164487
3,116,0,"[2, 0, 30, 42, 3, 7174, 4, 1, 0, 1, 1, 0, 3, 3, 0, 1, 3, 1]","[2.0, 0.0, 30.0, 41.0, 3.0, 7167.0, 3.0, 1.0, 0.0, 1.0, 1.0, -0.0, 3.0, 3.0, -0.0, 1.0, 3.0, 1.0]",0.5734015325444712
4,312,0,"[2, 0, 26, 24, 2, 3749, 2, 1, 1, 1, 1, 0, 1, 2, 0, 1, 4, 0]","[2.0, 0.0, 26.0, 24.0, 2.0, 3749.0, 1.0, 1.0, 1.0, 1.0, 1.0, 0.0, 1.0, 2.0, 0.0, 1.0, 4.0, 1.0]",0.5760854219661121
5,153,0,"[2, 0, 29, 24, 1, 7758, 2, 1, 1, 1, 1, 0, 4, 2, 0, 0, 4, 0]","[2.0, 0.0, 29.0, 24.0, 1.0, 7758.0, 1.0, 1.0, 1.0, 1.0, 1.0, 0.0, 4.0, 2.0, 0.0, 0.0, 4.0, 1.0]",0.5764184909178096
0,466,0,"[2, 0, 29, 24, 3, 1659, 4, 1, 1, 1, 1, 0, 1, 1, 0, 0, 2, 1]","[2.0, 0.0, 29.0, 24.0, 3.0, 1659.0, 2.0, 1.0, 1.0, 1.0, 1.0, 0.0, 1.0, 1.0, -0.0, 0.0, 2.0, 1.0]",0.5768600434952754
1,819,0,"[1, 0, 26, 18, 3, 1345, 4, 1, 1, 1, 1, 0, 2, 2, 0, 1, 3, 0]","[1.0, 0.0, 26.0, 18.0, 3.0, 1345.0, 3.0, 1.0, 1.0, 1.0, 1.0, -0.0, 2.0, 2.0, 0.0, 1.0, 3.0, 1.0]",0.5828482650245899
2,727,0,"[2, 0, 25, 18, 3, 1882, 4, 1, 1, 2, 1, 0, 2, 2, 0, 0, 4, 0]","[2.0, 0.0, 25.0, 18.0, 3.0, 1882.0, 3.0, 1.0, 1.0, 2.0, 1.0, -0.0, 2.0, 2.0, 0.0, 0.0, 4.0, 1.0]",0.5833489412521466
3,623,0,"[2, 0, 22, 12, 2, 1858, 4, 1, 1, 1, 1, 0, 1, 2, 0, 0, 1, 0]","[2.0, 0.0, 22.0, 12.0, 2.0, 1858.0, 3.0, 1.0, 1.0, 1.0, 1.0, -0.0, 1.0, 2.0, 0.0, 0.0, 1.0, 1.0]",0.5859113722377015
4,407,0,"[1, 0, 27, 15, 3, 1053, 4, 1, 1, 1, 1, 0, 1, 2, 0, 1, 2, 0]","[1.0, 0.0, 27.0, 15.0, 3.0, 1053.0, 3.0, 1.0, 1.0, 1.0, 1.0, -0.0, 1.0, 2.0, 0.0, 1.0, 2.0, 1.0]",0.5864275123371948
5,866,0,"[2, 0, 27, 18, 3, 2389, 4, 1, 1, 1, 1, 0, 1, 2, 0, 1, 1, 0]","[2.0, 0.0, 27.0, 18.0, 3.0, 2389.0, 3.0, 1.0, 1.0, 1.0, 1.0, -0.0, 1.0, 2.0, -0.0, 1.0, 1.0, 1.0]",0.5893530892316956
0,287,1,"[1, 1, 31, 48, 10, 7582, 2, 1, 1, 1, 1, 0, 0, 3, 1, 2, 4, 1]","[1.0, 1.0, 31.0, 48.0, 10.0, 7582.0, 2.0, 0.0, 1.0, 1.0, 1.0, 0.0, 0.0, 3.0, 1.0, 2.0, 4.0, 1.0]",0.5915868245957503
1,761,0,"[2, 0, 24, 18, 2, 2124, 4, 1, 1, 2, 1, 0, 2, 2, 0, 0, 4, 0]","[2.0, 0.0, 24.0, 18.0, 2.0, 2124.0, 3.0, 1.0, 1.0, 2.0, 1.0, 0.0, 2.0, 2.0, -0.0, 0.0, 4.0, 1.0]",0.5980550527063142
2,896,0,"[2, 0, 28, 21, 3, 2606, 4, 1, 1, 1, 1, 0, 1, 3, 0, 0, 4, 1]","[2.0, 0.0, 28.0, 21.0, 3.0, 2606.0, 2.0, 1.0, 1.0, 1.0, 1.0, 0.0, 1.0, 3.0, -0.0, 0.0, 4.0, 1.0]",0.6022120743428252
3,208,0,"[1, 0, 21, 24, 9, 6568, 2, 1, 1, 1, 1, 0, 2, 1, 0, 1, 2, 0]","[1.0, 0.0, 21.0, 24.0, 9.0, 6568.0, 1.0, 1.0, 1.0, 1.0, 1.0, 0.0, 2.0, 1.0, -0.0, 1.0, 2.0, 1.0]",0.6049615724811921
4,289,0,"[1, 0, 48, 24, 3, 1024, 4, 1, 1, 1, 1, 0, 1, 2, 0, 1, 4, 0]","[1.0, 0.0, 48.0, 24.0, 3.0, 1024.0, 3.0, 1.0, 1.0, 1.0, 1.0, 0.0, 1.0, 2.0, -0.0, 1.0, 4.0, 1.0]",0.6069223718923085
5,911,0,"[2, 0, 25, 24, 2, 4736, 2, 1, 1, 1, 1, 0, 1, 1, 0, 1, 4, 0]","[2.0, 0.0, 25.0, 24.0, 2.0, 4736.0, 1.0, 1.0, 1.0, 1.0, 1.0, 0.0, 1.0, 1.0, -0.0, 1.0, 4.0, 1.0]",0.6074671952215742
0,145,1,"[1, 1, 30, 48, 9, 3566, 4, 1, 1, 1, 1, 0, 3, 2, 0, 1, 2, 0]","[1.0, 1.0, 30.0, 48.0, 9.0, 3566.0, 3.0, 1.0, 1.0, 1.0, 1.0, 0.0, 3.0, 2.0, -0.0, 1.0, 2.0, 1.0]",0.6107663053591907
1,728,0,"[2, 0, 59, 48, 9, 6416, 4, 1, 1, 1, 1, 0, 4, 2, 0, 0, 3, 1]","[2.0, 0.0, 59.0, 48.0, 9.0, 6416.0, 2.0, 1.0, 1.0, 1.0, 1.0, 0.0, 4.0, 2.0, 0.0, 0.0, 3.0, 1.0]",0.6181859487253719
2,395,1,"[1, 1, 32, 39, 6, 11760, 2, 1, 1, 1, 1, 0, 3, 2, 0, 0, 3, 1]","[1.0, 1.0, 32.0, 39.0, 6.0, 11760.0, 2.0, 0.0, 1.0, 1.0, 1.0, 0.0, 3.0, 2.0, 0.0, 0.0, 3.0, 1.0]",0.6218046005388814
3,739,0,"[2, 0, 26, 30, 9, 4280, 4, 1, 1, 2, 1, 0, 2, 1, 0, 0, 4, 1]","[2.0, 0.0, 26.0, 30.0, 9.0, 4280.0, 2.0, 1.0, 1.0, 2.0, 1.0, 0.0, 2.0, 1.0, 0.0, 0.0, 4.0, 1.0]",0.6221740804391747
4,766,0,"[1, 0, 31, 30, 2, 3108, 2, 1, 1, 1, 1, 0, 1, 1, 0, 1, 4, 0]","[1.0, 0.0, 31.0, 30.0, 2.0, 3108.0, 1.0, 1.0, 1.0, 1.0, 1.0, 0.0, 1.0, 1.0, -0.0, 1.0, 4.0, 1.0]",0.627691548702259
5,444,0,"[2, 0, 30, 48, 2, 5096, 2, 1, 1, 1, 1, 0, 2, 3, 0, 1, 3, 1]","[2.0, 0.0, 30.0, 48.0, 2.0, 5096.0, 2.0, 0.0, 1.0, 1.0, 1.0, 0.0, 2.0, 3.0, 0.0, 1.0, 3.0, 1.0]",0.6296523198890231
0,18,0,"[2, 0, 44, 24, 1, 12579, 4, 1, 1, 1, 1, 0, 4, 3, 0, 2, 2, 1]","[2.0, 0.0, 44.0, 23.0, 1.0, 12579.0, 2.0, 1.0, 1.0, 1.0, 1.0, -0.0, 4.0, 3.0, -0.0, 2.0, 2.0, 1.0]",0.6356697234534967
1,996,0,"[1, 0, 40, 30, 1, 3857, 4, 1, 1, 1, 1, 0, 2, 3, 0, 1, 4, 1]","[1.0, 0.0, 40.0, 29.0, 1.0, 3857.0, 2.0, 1.0, 1.0, 1.0, 1.0, -0.0, 2.0, 3.0, -0.0, 1.0, 4.0, 1.0]",0.637071048507051
2,284,0,"[1, 0, 37, 24, 0, 3878, 4, 1, 1, 1, 1, 0, 1, 2, 0, 1, 2, 1]","[1.0, 0.0, 37.0, 24.0, 0.0, 3878.0, 4.0, 0.0, 1.0, 1.0, 1.0, 0.0, 1.0, 2.0, 0.0, 1.0, 2.0, 1.0]",0.6374800248787347
3,926,0,"[2, 0, 21, 18, 2, 1049, 4, 1, 1, 1, 1, 0, 1, 2, 0, 0, 4, 0]","[2.0, 0.0, 21.0, 17.0, 2.0, 1049.0, 3.0, 1.0, 1.0, 1.0, 1.0, 0.0, 1.0, 2.0, -0.0, 0.0, 4.0, 1.0]",0.6379790304172867
4,612,0,"[2, 0, 29, 21, 3, 3357, 4, 1, 1, 1, 1, 0, 1, 2, 0, 1, 2, 0]","[2.0, 0.0, 29.0, 20.0, 3.0, 3357.0, 3.0, 1.0, 1.0, 1.0, 1.0, 0.0, 1.0, 2.0, -0.0, 1.0, 2.0, 1.0]",0.638942776726062
5,378,1,"[1, 1, 57, 36, 0, 14318, 4, 1, 1, 1, 1, 0, 4, 3, 0, 2, 2, 1]","[1.0, 1.0, 57.0, 36.0, 0.0, 14318.0, 4.0, 0.0, 1.0, 1.0, 1.0, 0.0, 4.0, 3.0, 0.0, 2.0, 2.0, 1.0]",0.641926689728221
0,815,0,"[2, 0, 54, 36, 0, 7432, 2, 1, 1, 1, 1, 0, 2, 2, 0, 0, 2, 0]","[2.0, 0.0, 54.0, 36.0, 0.0, 7432.0, 1.0, 1.0, 1.0, 1.0, 1.0, 0.0, 2.0, 2.0, 1.0, 0.0, 2.0, 1.0]",0.6476899301172303
1,446,0,"[2, 0, 34, 36, 0, 1842, 4, 1, 1, 1, 1, 0, 1, 2, 0, 1, 4, 1]","[2.0, 0.0, 34.0, 36.0, 0.0, 1842.0, 4.0, 0.0, 1.0, 1.0, 1.0, 0.0, 1.0, 2.0, 0.0, 1.0, 4.0, 1.0]",0.6498764822211138
2,272,1,"[1, 1, 36, 48, 0, 12169, 4, 1, 0, 1, 1, 1, 0, 3, 1, 2, 4, 1]","[1.0, 1.0, 36.0, 48.0, 0.0, 12169.0, 4.0, 0.0, 0.0, 1.0, 1.0, 1.0, 0.0, 3.0, 1.0, 2.0, 4.0, 1.0]",0.6511612482288911
3,744,1,"[1, 1, 30, 39, 2, 14179, 4, 1, 0, 2, 1, 0, 3, 3, 0, 1, 4, 1]","[1.0, 1.0, 30.0, 39.0, 2.0, 14179.0, 4.0, 0.0, 0.0, 2.0, 1.0, 0.0, 3.0, 3.0, -0.0, 1.0, 4.0, 1.0]",0.6511827548627231
4,771,0,"[2, 0, 25, 36, 6, 8065, 3, 1, 1, 2, 1, 0, 2, 3, 0, 1, 2, 1]","[2.0, 0.0, 25.0, 36.0, 6.0, 8065.0, 3.0, 0.0, 1.0, 2.0, 1.0, 0.0, 2.0, 3.0, 0.0, 1.0, 2.0, 1.0]",0.6582838516619911
5,570,0,"[2, 0, 23, 24, 2, 3234, 4, 1, 1, 1, 1, 0, 1, 1, 0, 0, 4, 1]","[2.0, 0.0, 23.0, 24.0, 2.0, 3234.0, 4.0, 0.0, 1.0, 1.0, 1.0, 0.0, 1.0, 1.0, 0.0, 0.0, 4.0, 1.0]",0.660462078352001
0,44,0,"[2, 0, 58, 48, 1, 6143, 4, 1, 1, 2, 1, 0, 4, 1, 0, 2, 4, 0]","[2.0, 0.0, 58.0, 48.0, 1.0, 6143.0, 2.0, 1.0, 1.0, 2.0, 1.0, 0.0, 4.0, 1.0, -0.0, 2.0, 4.0, 1.0]",0.6609880840834879
1,500,0,"[2, 0, 27, 24, 0, 3123, 4, 1, 1, 1, 1, 0, 1, 2, 0, 1, 1, 0]","[2.0, 0.0, 27.0, 24.0, 0.0, 3123.0, 2.0, 1.0, 1.0, 1.0, 1.0, 0.0, 1.0, 2.0, -0.0, 1.0, 1.0, 1.0]",0.6621101792925584
2,321,0,"[1, 0, 32, 24, 3, 1938, 4, 1, 1, 1, 1, 0, 1, 2, 0, 1, 3, 0]","[1.0, 0.0, 32.0, 24.0, 3.0, 1938.0, 2.0, 1.0, 1.0, 1.0, 1.0, 0.0, 1.0, 2.0, -0.0, 1.0, 3.0, 1.0]",0.663202821361183
3,274,0,"[1, 0, 34, 30, 5, 11998, 1, 1, 1, 1, 1, 0, 1, 1, 0, 1, 1, 1]","[1.0, 0.0, 34.0, 30.0, 5.0, 11998.0, 1.0, 0.0, 1.0, 1.0, 1.0, 0.0, 1.0, 1.0, 0.0, 1.0, 1.0, 1.0]",0.6696763719885104
4,496,1,"[1, 1, 29, 36, 2, 9034, 4, 1, 1, 1, 1, 1, 1, 3, 0, 0, 1, 1]","[1.0, 1.0, 29.0, 36.0, 2.0, 9034.0, 4.0, 0.0, 1.0, 1.0, 1.0, 1.0, 1.0, 3.0, 0.0, 0.0, 1.0, 1.0]",0.6730731673723573
5,983,1,"[1, 1, 26, 36, 1, 8229, 2, 1, 1, 1, 2, 0, 2, 2, 0, 1, 2, 0]","[1.0, 1.0, 26.0, 36.0, 1.0, 8229.0, 2.0, 0.0, 1.0, 1.0, 2.0, 0.0, 2.0, 2.0, 0.0, 1.0, 2.0, 0.0]",0.67747332172671
0,812,1,"[1, 1, 24, 36, 1, 9629, 4, 1, 1, 2, 1, 0, 3, 2, 0, 1, 4, 1]","[1.0, 1.0, 24.0, 36.0, 1.0, 9629.0, 4.0, 0.0, 1.0, 2.0, 1.0, 0.0, 3.0, 2.0, 0.0, 1.0, 4.0, 1.0]",0.684067440837872
1,141,0,"[2, 0, 30, 36, 3, 4795, 4, 1, 1, 1, 1, 0, 1, 3, 0, 1, 1, 1]","[2.0, 0.0, 30.0, 36.0, 3.0, 4795.0, 4.0, 0.0, 1.0, 1.0, 1.0, 0.0, 1.0, 3.0, 0.0, 1.0, 1.0, 1.0]",0.6856804343619982
2,986,0,"[1, 0, 33, 42, 9, 6289, 2, 1, 1, 2, 1, 0, 1, 2, 0, 1, 1, 0]","[1.0, 0.0, 33.0, 42.0, 9.0, 6289.0, 2.0, 0.0, 1.0, 2.0, 1.0, 0.0, 1.0, 2.0, 0.0, 1.0, 1.0, 0.0]",0.6915439371772796
3,736,0,"[2, 0, 23, 24, 1, 11560, 1, 1, 1, 2, 1, 0, 2, 3, 0, 0, 4, 0]","[2.0, 0.0, 23.0, 24.0, 1.0, 11560.0, 1.0, 0.0, 1.0, 2.0, 1.0, 0.0, 2.0, 3.0, 0.0, 0.0, 4.0, 0.0]",0.6946111160796813
4,76,1,"[1, 1, 34, 42, 3, 3965, 4, 1, 1, 1, 1, 0, 1, 2, 0, 1, 3, 0]","[1.0, 1.0, 34.0, 42.0, 3.0, 3965.0, 4.0, 0.0, 1.0, 1.0, 1.0, 0.0, 1.0, 2.0, 0.0, 1.0, 3.0, 0.0]",0.6971213717155617
5,381,0,"[2, 0, 38, 18, 1, 12976, 3, 1, 1, 1, 1, 0, 0, 3, 1, 2, 4, 1]","[2.0, 0.0, 38.0, 18.0, 1.0, 12976.0, 3.0, 0.0, 1.0, 1.0, 1.0, -0.0, 0.0, 3.0, 1.0, 2.0, 4.0, 1.0]",0.7107058275723754
0,999,1,"[1, 1, 27, 45, 1, 4576, 3, 1, 1, 1, 1, 0, 0, 2, 1, 1, 4, 0]","[1.0, 1.0, 27.0, 45.0, 1.0, 4576.0, 3.0, 0.0, 1.0, 1.0, 1.0, -0.0, 0.0, 2.0, 1.0, 1.0, 4.0, 0.0]",0.711299412999806
1,569,0,"[2, 0, 31, 48, 3, 6758, 3, 1, 1, 1, 1, 0, 2, 2, 0, 1, 2, 1]","[2.0, 0.0, 31.0, 48.0, 3.0, 6758.0, 3.0, 0.0, 1.0, 1.0, 1.0, 0.0, 2.0, 2.0, 0.0, 1.0, 2.0, 1.0]",0.7134925156317938
2,59,0,"[2, 0, 23, 36, 2, 6229, 4, 1, 1, 2, 1, 1, 1, 1, 0, 0, 4, 1]","[2.0, 0.0, 23.0, 36.0, 2.0, 6229.0, 4.0, 0.0, 1.0, 2.0, 1.0, 1.0, 1.0, 1.0, 0.0, 0.0, 4.0, 1.0]",0.7169429122368309
3,1,0,"[2, 0, 22, 48, 3, 5951, 2, 1, 1, 1, 1, 0, 2, 2, 0, 1, 2, 0]","[2.0, 0.0, 22.0, 48.0, 3.0, 5951.0, 2.0, 0.0, 1.0, 1.0, 1.0, 0.0, 2.0, 2.0, 0.0, 1.0, 2.0, 0.0]",0.721554126914762
4,285,0,"[2, 0, 35, 47, 0, 10722, 1, 1, 1, 1, 1, 0, 1, 1, 0, 1, 1, 1]","[2.0, 0.0, 35.0, 47.0, 0.0, 10722.0, 1.0, 0.0, 1.0, 1.0, 1.0, 0.0, 1.0, 1.0, -0.0, 1.0, 1.0, 1.0]",0.7224787597175839
5,291,0,"[1, 0, 28, 36, 1, 9398, 1, 1, 1, 1, 1, 0, 1, 3, 0, 0, 4, 1]","[1.0, 0.0, 28.0, 36.0, 1.0, 9398.0, 1.0, 0.0, 1.0, 1.0, 1.0, 0.0, 1.0, 3.0, -0.0, 0.0, 4.0, 1.0]",0.7280452027383496
0,295,0,"[2, 0, 26, 48, 2, 9960, 1, 1, 1, 1, 1, 0, 1, 2, 0, 1, 2, 1]","[2.0, 0.0, 26.0, 48.0, 2.0, 9960.0, 1.0, 0.0, 1.0, 1.0, 1.0, 0.0, 1.0, 2.0, -0.0, 1.0, 2.0, 1.0]",0.7301616331704683
1,945,0,"[2, 0, 30, 48, 0, 8358, 1, 1, 1, 2, 1, 0, 1, 2, 0, 1, 1, 0]","[2.0, 0.0, 30.0, 48.0, 0.0, 8358.0, 1.0, 0.0, 1.0, 2.0, 1.0, 0.0, 1.0, 2.0, 0.0, 1.0, 1.0, 0.0]",0.7302440405777939
2,35,1,"[1, 1, 25, 45, 3, 4746, 4, 1, 1, 2, 1, 0, 1, 1, 0, 1, 2, 0]","[1.0, 1.0, 25.0, 45.0, 3.0, 4746.0, 4.0, 0.0, 1.0, 2.0, 1.0, -0.0, 1.0, 1.0, 0.0, 1.0, 2.0, 0.0]",0.7317504521869951
3,927,1,"[1, 1, 39, 48, 1, 10297, 4, 1, 1, 3, 2, 0, 3, 2, 0, 2, 4, 1]","[1.0, 1.0, 39.0, 48.0, 1.0, 10297.0, 4.0, 0.0, 1.0, 3.0, 2.0, 0.0, 3.0, 2.0, -0.0, 2.0, 4.0, 1.0]",0.7370939022706031
4,528,0,"[1, 0, 31, 36, 3, 2302, 4, 1, 1, 1, 1, 0, 2, 2, 0, 0, 4, 0]","[1.0, 0.0, 31.0, 36.0, 3.0, 2302.0, 4.0, 0.0, 1.0, 1.0, 1.0, -0.0, 2.0, 2.0, 0.0, 0.0, 4.0, 0.0]",0.739235218423
5,63,1,"[1, 1, 25, 48, 9, 14421, 2, 1, 1, 1, 1, 0, 2, 2, 0, 1, 2, 1]","[1.0, 1.0, 25.0, 48.0, 9.0, 14421.0, 2.0, 0.0, 1.0, 1.0, 1.0, 0.0, 2.0, 2.0, -0.0, 1.0, 2.0, 1.0]",0.7433216378462147
0,286,1,"[1, 1, 26, 48, 1, 4788, 4, 1, 1, 1, 2, 0, 3, 2, 0, 1, 3, 0]","[1.0, 1.0, 26.0, 48.0, 1.0, 4788.0, 4.0, 0.0, 1.0, 1.0, 2.0, -0.0, 3.0, 2.0, 0.0, 1.0, 3.0, 0.0]",0.7473648889392641
1,320,0,"[1, 0, 28, 30, 0, 4249, 4, 1, 1, 2, 1, 0, 0, 3, 1, 1, 2, 0]","[1.0, 0.0, 28.0, 30.0, 0.0, 4249.0, 4.0, 0.0, 1.0, 2.0, 1.0, -0.0, 0.0, 3.0, 1.0, 1.0, 2.0, 0.0]",0.7508662270870627
2,374,0,"[2, 0, 60, 60, 10, 14782, 3, 1, 1, 2, 1, 0, 4, 3, 0, 2, 4, 1]","[2.0, 0.0, 60.0, 60.0, 10.0, 14782.0, 3.0, 0.0, 1.0, 2.0, 1.0, 0.0, 4.0, 3.0, -0.0, 2.0, 4.0, 1.0]",0.7581360487952298
3,938,1,"[1, 1, 42, 60, 6, 6288, 4, 1, 1, 1, 1, 0, 2, 2, 0, 2, 4, 0]","[1.0, 1.0, 42.0, 60.0, 6.0, 6288.0, 4.0, 0.0, 1.0, 1.0, 1.0, -0.0, 2.0, 2.0, 0.0, 2.0, 4.0, 0.0]",0.7597663292373078
4,578,0,"[1, 0, 27, 36, 0, 2820, 4, 1, 1, 2, 1, 0, 1, 2, 0, 1, 4, 0]","[1.0, 0.0, 27.0, 36.0, 0.0, 2820.0, 4.0, 0.0, 1.0, 2.0, 1.0, -0.0, 1.0, 2.0, 0.0, 1.0, 4.0, 0.0]",0.7691827403205258
5,9,0,"[1, 0, 28, 30, 0, 5234, 4, 1, 1, 2, 1, 0, 0, 3, 1, 1, 2, 0]","[1.0, 0.0, 28.0, 30.0, 0.0, 5234.0, 4.0, 0.0, 1.0, 2.0, 1.0, -0.0, 0.0, 3.0, 1.0, 1.0, 2.0, 0.0]",0.7706174603188077
0,887,1,"[1, 1, 23, 48, 9, 15672, 2, 1, 1, 1, 1, 0, 2, 2, 0, 1, 2, 1]","[1.0, 1.0, 23.0, 48.0, 9.0, 15672.0, 2.0, 0.0, 1.0, 1.0, 1.0, 0.0, 2.0, 2.0, -0.0, 1.0, 2.0, 1.0]",0.7728671910536224
1,11,0,"[2, 0, 24, 48, 9, 4308, 3, 1, 1, 1, 1, 0, 1, 2, 0, 0, 4, 0]","[2.0, 0.0, 24.0, 48.0, 9.0, 4308.0, 3.0, 0.0, 1.0, 1.0, 1.0, 0.0, 1.0, 2.0, -0.0, 0.0, 4.0, 0.0]",0.7826670862894654
2,818,0,"[1, 0, 43, 36, 10, 15857, 2, 1, 1, 1, 1, 1, 0, 3, 1, 1, 3, 0]","[1.0, 0.0, 43.0, 36.0, 10.0, 15857.0, 2.0, 0.0, 1.0, 1.0, 1.0, 1.0, 0.0, 3.0, 1.0, 1.0, 3.0, 0.0]",0.8018733777461986
3,915,0,"[2, 0, 32, 48, 10, 18424, 1, 1, 1, 1, 1, 0, 2, 3, 0, 1, 2, 1]","[2.0, 0.0, 32.0, 48.0, 10.0, 18424.0, 1.0, 0.0, 1.0, 1.0, 1.0, 0.0, 2.0, 3.0, -0.0, 1.0, 2.0, 1.0]",0.8151996892552515
4,95,1,"[1, 1, 58, 54, 9, 15945, 3, 1, 1, 1, 1, 0, 1, 2, 0, 0, 4, 1]","[1.0, 1.0, 58.0, 54.0, 9.0, 15945.0, 2.0, 0.0, 1.0, 1.0, 1.0, 0.0, 1.0, 2.0, -0.0, 0.0, 4.0, 1.0]",0.8424920431978412
5,332,0,"[2, 0, 24, 60, 0, 7408, 4, 1, 1, 1, 1, 0, 1, 3, 0, 1, 2, 0]","[2.0, 0.0, 24.0, 60.0, 0.0, 7408.0, 2.0, 0.0, 1.0, 1.0, 1.0, 0.0, 1.0, 3.0, -0.0, 1.0, 2.0, 1.0]",0.8997057000690848
